name A
internanname 17
spacewidth 42
charset
!	53	0	041
"	55	0	042
#	114	0	043
$	86	0	044
%	132	0	045
&	110	0	046
'	31	0	047
(	63	0	050
)	63	0	051
*	76	0	052
+	129	0	053
,	41	0	054
-	49	0	055
-	"
.	41	0	056
/	75	0	057
sl	"
0	86	0	060
1	86	0	061
2	86	0	062
3	86	0	063
4	86	0	064
5	86	0	065
6	86	0	066
7	86	0	067
8	86	0	070
9	86	0	071
:	49	0	072
;	49	0	073
<	129	0	074
=	129	0	075
eq	"
>	129	0	076
?	74	0	077
@	145	0	0100
A	100	0	0101
B	93	0	0102
C	97	0	0103
D	108	0	0104
E	88	0	0105
F	83	0	0106
G	108	0	0107
H	113	0	0110
I	47	0	0111
J	69	0	0112
K	97	0	0113
L	79	0	0114
M	134	0	0115
N	110	0	0116
O	113	0	0117
P	86	0	0120
Q	113	0	0121
R	100	0	0122
S	86	0	0123
T	92	0	0124
U	109	0	0125
V	95	0	0126
W	143	0	0127
X	95	0	0130
Y	92	0	0131
Z	90	0	0132
[	63	0	0133
\	76	0	0134
]	63	0	0135
a^	154	0	0136
_	76	0	0137
ru	"
ul	"
`	31	0	0140
a	77	0	0141
b	84	0	0142
c	69	0	0143
d	87	0	0144
e	74	0	0145
f	48	0	0146
g	80	0	0147
h	89	0	0150
i	42	0	0151
j	41	0	0152
k	81	0	0153
l	42	0	0154
m	127	0	0155
n	87	0	0156
o	82	0	0157
p	86	0	0160
q	84	0	0161
r	58	0	0162
s	61	0	0163
t	51	0	0164
u	89	0	0165
v	78	0	0166
w	119	0	0167
x	77	0	0170
y	78	0	0171
z	73	0	0172
{	74	0	0173
|	76	0	0174
or	"
}	74	0	0175
a~	154	0	0176
ap	"
I!	53	0	0241
ct	86	0	0242
po	86	0	0243
cu	93	0	0244
$J	87	0	0245
sc	76	0	0247
co	136	0	0251
d<	69	0	0253
no	129	0	0254
hy	49	0	0255
rg	136	0	0256
ma	76	0	0257
de	51	0	0260
+-	129	0	0261
aa	76	0	0264
*m	84	0	0265
pp	74	0	0266
cd	76	0	0270
d>	69	0	0273
14	136	0	0274
12	136	0	0275
34	135	0	0276
I?	74	0	0277
AE	133	0	0306
mu	129	0	0327
O/	113	0	0330
ss	93	0	0337
ae	113	0	0346
