name AF
internanname 20
spacewidth 49
charset
!	54	0	041
"	58	0	042
#	119	0	043
$	98	0	044
%	151	0	045
&	122	0	046
'	50	0	047
(	68	0	050
)	67	0	051
*	76	0	052
+	129	0	053
,	45	0	054
-	52	0	055
-	"
.	45	0	056
/	74	0	057
sl	"
0	98	0	060
1	98	0	061
2	98	0	062
3	98	0	063
4	98	0	064
5	98	0	065
6	98	0	066
7	98	0	067
8	98	0	070
9	98	0	071
:	58	0	072
;	61	0	073
<	129	0	074
=	129	0	075
eq	"
>	129	0	076
?	79	0	077
@	145	0	0100
A	102	0	0101
B	109	0	0102
C	103	0	0103
D	121	0	0104
E	99	0	0105
F	89	0	0106
G	115	0	0107
H	125	0	0110
I	64	0	0111
J	80	0	0112
K	108	0	0113
L	92	0	0114
M	153	0	0115
N	117	0	0116
O	120	0	0117
P	101	0	0120
Q	120	0	0121
R	112	0	0122
S	91	0	0123
T	94	0	0124
U	120	0	0125
V	101	0	0126
W	150	0	0127
X	105	0	0130
Y	98	0	0131
Z	96	0	0132
[	77	0	0133
\	74	0	0134
]	75	0	0135
a^	154	0	0136
_	76	0	0137
ru	"
ul	"
`	53	0	0140
a	99	0	0141
b	97	0	0142
c	76	0	0143
d	100	0	0144
e	80	0	0145
f	56	0	0146
g	87	0	0147
h	102	0	0150
i	55	0	0151
j	54	0	0152
k	97	0	0153
l	55	0	0154
m	152	0	0155
n	102	0	0156
o	95	0	0157
p	97	0	0160
q	98	0	0161
r	80	0	0162
s	74	0	0163
t	63	0	0164
u	102	0	0165
v	86	0	0166
w	134	0	0167
x	87	0	0170
y	81	0	0171
z	79	0	0172
{	76	0	0173
|	76	0	0174
or	"
}	76	0	0175
a~	154	0	0176
ap	"
I!	54	0	0241
ct	98	0	0242
po	98	0	0243
cu	93	0	0244
$J	103	0	0245
sc	71	0	0247
co	136	0	0251
d<	71	0	0253
no	129	0	0254
hy	52	0	0255
rg	136	0	0256
ma	76	0	0257
de	51	0	0260
+-	129	0	0261
aa	79	0	0264
*m	88	0	0265
pp	76	0	0266
cd	76	0	0270
d>	73	0	0273
14	149	0	0274
12	151	0	0275
34	149	0	0276
I?	81	0	0277
AE	147	0	0306
mu	129	0	0327
O/	120	0	0330
ss	110	0	0337
ae	123	0	0346
