name CF
internanname 8
spacewidth 91
charset
!	91	0	041
"	91	0	042
#	91	0	043
$	91	0	044
%	91	0	045
&	91	0	046
'	91	0	047
(	91	0	050
)	91	0	051
*	91	0	052
+	91	0	053
,	91	0	054
-	91	0	055
-	"
.	91	0	056
/	91	0	057
sl	"
0	91	0	060
1	91	0	061
2	91	0	062
3	91	0	063
4	91	0	064
5	91	0	065
6	91	0	066
7	91	0	067
8	91	0	070
9	91	0	071
:	91	0	072
;	91	0	073
<	91	0	074
=	91	0	075
eq	"
>	91	0	076
?	91	0	077
@	91	0	0100
A	91	0	0101
B	91	0	0102
C	91	0	0103
D	91	0	0104
E	91	0	0105
F	91	0	0106
G	91	0	0107
H	91	0	0110
I	91	0	0111
J	91	0	0112
K	91	0	0113
L	91	0	0114
M	91	0	0115
N	91	0	0116
O	91	0	0117
P	91	0	0120
Q	91	0	0121
R	91	0	0122
S	91	0	0123
T	91	0	0124
U	91	0	0125
V	91	0	0126
W	91	0	0127
X	91	0	0130
Y	91	0	0131
Z	91	0	0132
[	91	0	0133
\	91	0	0134
]	91	0	0135
a^	91	0	0136
_	91	0	0137
ru	"
ul	"
`	91	0	0140
a	91	0	0141
b	91	0	0142
c	91	0	0143
d	91	0	0144
e	91	0	0145
f	91	0	0146
g	91	0	0147
h	91	0	0150
i	91	0	0151
j	91	0	0152
k	91	0	0153
l	91	0	0154
m	91	0	0155
n	91	0	0156
o	91	0	0157
p	91	0	0160
q	91	0	0161
r	91	0	0162
s	91	0	0163
t	91	0	0164
u	91	0	0165
v	91	0	0166
w	91	0	0167
x	91	0	0170
y	91	0	0171
z	91	0	0172
{	91	0	0173
|	91	0	0174
or	"
}	91	0	0175
a~	91	0	0176
ap	"
I!	91	0	0241
ct	91	0	0242
po	91	0	0243
cu	91	0	0244
$J	91	0	0245
sc	91	0	0247
co	91	0	0251
d<	91	0	0253
no	91	0	0254
hy	91	0	0255
rg	91	0	0256
ma	91	0	0257
de	91	0	0260
+-	91	0	0261
aa	91	0	0264
*m	91	0	0265
pp	91	0	0266
cd	91	0	0270
d>	91	0	0273
14	91	0	0274
12	91	0	0275
34	91	0	0276
I?	91	0	0277
AE	91	0	0306
mu	91	0	0327
O/	91	0	0330
ss	91	0	0337
ae	91	0	0346
