name H
internanname 9
spacewidth 41
charset
!	42	0	041
"	52	0	042
#	86	0	043
$	85	0	044
%	132	0	045
&	107	0	046
'	36	0	047
(	52	0	050
)	52	0	051
*	61	0	052
+	88	0	053
,	39	0	054
-	95	0	055
-	"
.	38	0	056
/	42	0	057
sl	"
0	84	0	060
1	84	0	061
2	84	0	062
3	84	0	063
4	84	0	064
5	84	0	065
6	84	0	066
7	84	0	067
8	84	0	070
9	84	0	071
:	38	0	072
;	40	0	073
<	88	0	074
=	87	0	075
eq	"
>	88	0	076
?	83	0	077
@	153	0	0100
A	104	0	0101
B	102	0	0102
C	112	0	0103
D	111	0	0104
E	100	0	0105
F	91	0	0106
G	117	0	0107
H	111	0	0110
I	44	0	0111
J	78	0	0112
K	104	0	0113
L	86	0	0114
M	130	0	0115
N	111	0	0116
O	117	0	0117
P	101	0	0120
Q	117	0	0121
R	105	0	0122
S	101	0	0123
T	90	0	0124
U	110	0	0125
V	105	0	0126
W	140	0	0127
X	104	0	0130
Y	103	0	0131
Z	98	0	0132
[	42	0	0133
\	42	0	0134
]	42	0	0135
a^	77	0	0136
_	86	0	0137
ru	"
ul	"
`	36	0	0140
a	81	0	0141
b	85	0	0142
c	77	0	0143
d	87	0	0144
e	81	0	0145
f	47	0	0146
g	87	0	0147
h	84	0	0150
i	32	0	0151
j	33	0	0152
k	74	0	0153
l	32	0	0154
m	120	0	0155
n	85	0	0156
o	86	0	0157
p	87	0	0160
q	87	0	0161
r	52	0	0162
s	74	0	0163
t	48	0	0164
u	80	0	0165
v	81	0	0166
w	111	0	0167
x	79	0	0170
y	77	0	0171
z	74	0	0172
{	48	0	0173
|	37	0	0174
or	"
}	48	0	0175
a~	90	0	0176
ap	"
I!	44	0	0241
ct	85	0	0242
po	86	0	0243
cu	81	0	0244
$J	85	0	0245
sc	83	0	0247
co	124	0	0251
d<	84	0	0253
no	95	0	0254
hy	52	0	0255
rg	122	0	0256
ma	45	0	0257
de	59	0	0260
+-	88	0	0261
aa	43	0	0264
*m	82	0	0265
pp	83	0	0266
cd	45	0	0270
d>	84	0	0273
14	126	0	0274
12	126	0	0275
34	126	0	0276
I?	84	0	0277
AE	146	0	0306
mu	88	0	0327
O/	117	0	0330
ss	84	0	0337
ae	130	0	0346
