name N
internanname 13
spacewidth 37
charset
!	45	0	041
"	66	0	042
#	97	0	043
$	80	0	044
%	129	0	045
&	129	0	046
'	37	0	047
(	55	0	050
)	55	0	051
*	76	0	052
+	90	0	053
,	39	0	054
-	90	0	055
-	"
.	44	0	056
/	48	0	057
sl	"
0	80	0	060
1	80	0	061
2	80	0	062
3	80	0	063
4	80	0	064
5	80	0	065
6	80	0	066
7	80	0	067
8	80	0	070
9	80	0	071
:	44	0	072
;	44	0	073
<	94	0	074
=	90	0	075
eq	"
>	94	0	076
?	68	0	077
@	123	0	0100
A	112	0	0101
B	107	0	0102
C	108	0	0103
D	118	0	0104
E	104	0	0105
F	102	0	0106
G	117	0	0107
H	129	0	0110
I	60	0	0111
J	80	0	0112
K	118	0	0113
L	102	0	0114
M	150	0	0115
N	129	0	0116
O	117	0	0117
P	102	0	0120
Q	117	0	0121
R	113	0	0122
S	89	0	0123
T	106	0	0124
U	122	0	0125
V	111	0	0126
W	161	0	0127
X	114	0	0130
Y	110	0	0131
Z	92	0	0132
[	45	0	0133
\	79	0	0134
]	45	0	0135
a^	82	0	0136
_	83	0	0137
ru	"
ul	"
`	37	0	0140
a	84	0	0141
b	78	0	0142
c	72	0	0143
d	87	0	0144
e	75	0	0145
f	53	0	0146
g	84	0	0147
h	91	0	0150
i	48	0	0151
j	48	0	0152
k	94	0	0153
l	48	0	0154
m	141	0	0155
n	94	0	0156
o	76	0	0157
p	83	0	0160
q	82	0	0161
r	69	0	0162
s	69	0	0163
t	52	0	0164
u	91	0	0165
v	84	0	0166
w	119	0	0167
x	84	0	0170
y	85	0	0171
z	71	0	0172
{	50	0	0173
|	91	0	0174
or	"
}	51	0	0175
a~	94	0	0176
ap	"
I!	47	0	0241
ct	85	0	0242
po	92	0	0243
cu	95	0	0244
$J	105	0	0245
sc	74	0	0247
co	132	0	0251
d<	76	0	0253
no	89	0	0254
hy	52	0	0255
rg	132	0	0256
ma	58	0	0257
de	59	0	0260
+-	90	0	0261
aa	47	0	0264
*m	91	0	0265
pp	96	0	0266
cd	46	0	0270
d>	76	0	0273
14	119	0	0274
12	118	0	0275
34	119	0	0276
I?	68	0	0277
AE	156	0	0306
mu	90	0	0327
O/	117	0	0330
ss	90	0	0337
ae	123	0	0346
