name NB
internanname 15
spacewidth 45
charset
!	44	0	041
"	64	0	042
#	96	0	043
$	86	0	044
%	139	0	045
&	134	0	046
'	40	0	047
(	58	0	050
)	58	0	051
*	73	0	052
+	89	0	053
,	42	0	054
-	87	0	055
-	"
.	42	0	056
/	57	0	057
sl	"
0	86	0	060
1	72	0	061
2	86	0	062
3	86	0	063
4	86	0	064
5	86	0	065
6	86	0	066
7	82	0	067
8	86	0	070
9	86	0	071
:	44	0	072
;	44	0	073
<	92	0	074
=	88	0	075
eq	"
>	92	0	076
?	81	0	077
@	134	0	0100
A	118	0	0101
B	114	0	0102
C	115	0	0103
D	127	0	0104
E	108	0	0105
F	106	0	0106
G	122	0	0107
H	135	0	0110
I	69	0	0111
J	99	0	0112
K	128	0	0113
L	105	0	0114
M	157	0	0115
N	131	0	0116
O	125	0	0117
P	113	0	0120
Q	125	0	0121
R	129	0	0122
S	101	0	0123
T	109	0	0124
U	129	0	0125
V	121	0	0126
W	160	0	0127
X	126	0	0130
Y	119	0	0131
Z	103	0	0132
[	53	0	0133
\	77	0	0134
]	54	0	0135
a^	86	0	0136
_	81	0	0137
ru	"
ul	"
`	40	0	0140
a	88	0	0141
b	101	0	0142
c	85	0	0143
d	105	0	0144
e	90	0	0145
f	64	0	0146
g	89	0	0147
h	106	0	0150
i	58	0	0151
j	55	0	0152
k	99	0	0153
l	58	0	0154
m	158	0	0155
n	106	0	0156
o	98	0	0157
p	101	0	0160
q	98	0	0161
r	75	0	0162
s	74	0	0163
t	62	0	0164
u	106	0	0165
v	88	0	0166
w	135	0	0167
x	98	0	0170
y	92	0	0171
z	80	0	0172
{	59	0	0173
|	90	0	0174
or	"
}	59	0	0175
a~	94	0	0176
ap	"
I!	47	0	0241
ct	88	0	0242
po	98	0	0243
cu	95	0	0244
$J	116	0	0245
sc	74	0	0247
co	125	0	0251
d<	86	0	0253
no	86	0	0254
hy	51	0	0255
rg	125	0	0256
ma	66	0	0257
de	59	0	0260
+-	89	0	0261
aa	55	0	0264
*m	106	0	0265
pp	113	0	0266
cd	52	0	0270
d>	86	0	0273
14	128	0	0274
12	128	0	0275
34	128	0	0276
I?	81	0	0277
AE	162	0	0306
mu	89	0	0327
O/	125	0	0330
ss	100	0	0337
ae	138	0	0346
