name NI
internanname 14
spacewidth 37
charset
!	52	0	041
"	66	0	042
#	101	0	043
$	80	0	044
%	127	0	045
&	124	0	046
'	38	0	047
(	58	0	050
)	57	0	051
*	76	0	052
+	87	0	053
,	36	0	054
-	90	0	055
-	"
.	36	0	056
/	86	0	057
sl	"
0	80	0	060
1	80	0	061
2	80	0	062
3	80	0	063
4	80	0	064
5	80	0	065
6	80	0	066
7	80	0	067
8	80	0	070
9	80	0	071
:	41	0	072
;	41	0	073
<	94	0	074
=	89	0	075
eq	"
>	94	0	076
?	71	0	077
@	124	0	0100
A	110	0	0101
B	104	0	0102
C	104	0	0103
D	118	0	0104
E	104	0	0105
F	99	0	0106
G	113	0	0107
H	126	0	0110
I	69	0	0111
J	83	0	0112
K	113	0	0113
L	100	0	0114
M	155	0	0115
N	128	0	0116
O	111	0	0117
P	104	0	0120
Q	111	0	0121
R	116	0	0122
S	103	0	0123
T	103	0	0124
U	117	0	0125
V	107	0	0126
W	147	0	0127
X	111	0	0130
Y	107	0	0131
Z	106	0	0132
[	62	0	0133
\	83	0	0134
]	63	0	0135
a^	80	0	0136
_	87	0	0137
ru	"
ul	"
`	37	0	0140
a	91	0	0141
b	84	0	0142
c	71	0	0143
d	92	0	0144
e	70	0	0145
f	50	0	0146
g	75	0	0147
h	92	0	0150
i	44	0	0151
j	42	0	0152
k	85	0	0153
l	43	0	0154
m	140	0	0155
n	92	0	0156
o	81	0	0157
p	85	0	0160
q	86	0	0161
r	67	0	0162
s	67	0	0163
t	48	0	0164
u	92	0	0165
v	81	0	0166
w	123	0	0167
x	83	0	0170
y	78	0	0171
z	80	0	0172
{	57	0	0173
|	88	0	0174
or	"
}	60	0	0175
a~	91	0	0176
ap	"
I!	47	0	0241
ct	81	0	0242
po	91	0	0243
cu	96	0	0244
$J	101	0	0245
sc	80	0	0247
co	125	0	0251
d<	76	0	0253
no	87	0	0254
hy	50	0	0255
rg	125	0	0256
ma	55	0	0257
de	59	0	0260
+-	87	0	0261
aa	43	0	0264
*m	92	0	0265
pp	101	0	0266
cd	50	0	0270
d>	77	0	0273
14	119	0	0274
12	119	0	0275
34	119	0	0276
I?	68	0	0277
AE	147	0	0306
mu	87	0	0327
O/	111	0	0330
ss	90	0	0337
ae	114	0	0346
