name S
internanname 21
special
spacewidth 39
charset
!	46	0	041
fa	104	0	042
#	76	0	043
te	84	0	044
%	122	0	045
&	111	0	046
cm	67	0	047
(	52	0	050
)	52	0	051
**	74	0	052
+	83	0	053
pl	"
,	35	0	054
-	83	0	055
mi	"
\-	"
.	34	0	056
/	42	0	057
sl	"
0	74	0	060
1	74	0	061
2	74	0	062
3	74	0	063
4	74	0	064
5	74	0	065
6	74	0	066
7	74	0	067
8	74	0	070
9	74	0	071
:	37	0	072
;	37	0	073
<	88	0	074
=	83	0	075
eq	"
>	84	0	076
?	67	0	077
=~	84	0	0100
*A	113	0	0101
*B	94	0	0102
*C	113	0	0103
*D	96	0	0104
*E	92	0	0105
*F	116	0	0106
*G	92	0	0107
*Y	112	0	0110
*I	48	0	0111
*K	108	0	0113
*L	105	0	0114
*M	137	0	0115
*N	111	0	0116
*O	108	0	0117
*P	113	0	0120
*H	108	0	0121
*R	85	0	0122
*S	90	0	0123
*T	94	0	0124
*U	105	0	0125
ts	71	0	0126
*W	119	0	0127
*C	100	0	0130
*Q	123	0	0131
*Z	92	0	0132
[	49	0	0133
tf	113	0	0134
]	48	0	0135
bt	101	0	0136
ul	75	0	0137
rn	75	0	0140
*a	99	0	0141
*b	80	0	0142
*x	85	0	0143
*d	75	0	0144
*e	67	0	0145
*f	89	0	0146
*g	72	0	0147
*y	90	0	0150
*i	50	0	0151
*k	85	0	0153
*l	85	0	0154
*m	88	0	0155
*n	83	0	0156
*o	81	0	0157
*p	85	0	0160
*h	77	0	0161
*r	80	0	0162
*s	90	0	0163
*t	67	0	0164
*u	88	0	0165
*w	107	0	0167
*c	74	0	0170
*q	104	0	0171
*z	74	0	0172
{	72	0	0173
|	30	0	0174
}	72	0	0175
a~	84	0	0176
ap	"
fm	39	0	0242
mt	"
<=	85	0	0243
/	36	0	0244
sl	"
if	106	0	0245
Cc	111	0	0247
Cd	108	0	0250
Ch	110	0	0251
Cs	111	0	0252
<>	156	0	0253
<-	149	0	0254
ua	89	0	0255
->	149	0	0256
da	89	0	0257
de	58	0	0260
+-	83	0	0261
sd	61	0	0262
>=	85	0	0263
mu	84	0	0264
pt	103	0	0265
pd	74	0	0266
bu	73	0	0267
di	83	0	0270
!=	85	0	0271
==	84	0	0272
~=	84	0	0273
..	144	0	0274
br	89	0	0275
em	153	0	0276
cr	100	0	0277
al	113	0	0300
ax	115	0	0304
a+	115	0	0305
es	120	0	0306
ca	113	0	0307
cu	113	0	0310
sp	105	0	0311
ip	105	0	0312
!s	105	0	0313
sb	105	0	0314
ib	105	0	0315
mo	102	0	0316
!m	102	0	0317
ag	116	0	0320
gr	107	0	0321
sr	85	0	0326
m.	38	0	0327
no	106	0	0330
an	92	0	0331
lo	92	0	0332
io	157	0	0333
<:	149	0	0334
u=	91	0	0335
:>	149	0	0336
d=	91	0	0337
dm	81	0	0340
L<	47	0	0341
rg	119	0	0342
co	119	0	0343
tm	123	0	0344
lc	59	0	0351
lf	59	0	0353
lt	74	0	0354
lk	74	0	0355
lb	74	0	0356
bv	74	0	0357
AL	118	0	0360
R>	47	0	0361
is	45	0	0362
rc	59	0	0371
rf	59	0	0373
rt	74	0	0374
rk	74	0	0375
rb	74	0	0376
