name AI
internanname 18
spacewidth 42
charset
!	53	0	041
"	55	0	042
#	114	0	043
$	86	0	044
%	130	0	045
&	110	0	046
'	33	0	047
(	65	0	050
)	63	0	051
*	76	0	052
+	129	0	053
,	41	0	054
-	49	0	055
-	"
.	41	0	056
/	74	0	057
sl	"
0	86	0	060
1	86	0	061
2	86	0	062
3	86	0	063
4	86	0	064
5	86	0	065
6	86	0	066
7	86	0	067
8	86	0	070
9	86	0	071
:	49	0	072
;	51	0	073
<	129	0	074
=	129	0	075
eq	"
>	129	0	076
?	74	0	077
@	145	0	0100
A	92	0	0101
B	92	0	0102
C	95	0	0103
D	105	0	0104
E	84	0	0105
F	76	0	0106
G	102	0	0107
H	110	0	0110
I	49	0	0111
J	67	0	0112
K	95	0	0113
L	78	0	0114
M	127	0	0115
N	103	0	0116
O	110	0	0117
P	84	0	0120
Q	110	0	0121
R	94	0	0122
S	82	0	0123
T	85	0	0124
U	103	0	0125
V	90	0	0126
W	139	0	0127
X	87	0	0130
Y	86	0	0131
Z	87	0	0132
[	66	0	0133
\	74	0	0134
]	66	0	0135
a^	154	0	0136
_	76	0	0137
ru	"
ul	"
`	34	0	0140
a	80	0	0141
b	77	0	0142
c	60	0	0143
d	80	0	0144
e	65	0	0145
f	44	0	0146
g	79	0	0147
h	86	0	0150
i	44	0	0151
j	40	0	0152
k	79	0	0153
l	42	0	0154
m	125	0	0155
n	86	0	0156
o	77	0	0157
p	78	0	0160
q	78	0	0161
r	61	0	0162
s	58	0	0163
t	52	0	0164
u	86	0	0165
v	72	0	0166
w	110	0	0167
x	72	0	0170
y	75	0	0171
z	70	0	0172
{	74	0	0173
|	76	0	0174
or	"
}	74	0	0175
a~	154	0	0176
ap	"
I!	53	0	0241
ct	86	0	0242
po	86	0	0243
cu	93	0	0244
$J	85	0	0245
sc	76	0	0247
co	136	0	0251
d<	69	0	0253
no	129	0	0254
hy	49	0	0255
rg	136	0	0256
ma	76	0	0257
de	51	0	0260
+-	129	0	0261
aa	76	0	0264
*m	84	0	0265
pp	74	0	0266
cd	76	0	0270
d>	70	0	0273
14	136	0	0274
12	136	0	0275
34	135	0	0276
I?	74	0	0277
AE	134	0	0306
mu	129	0	0327
O/	110	0	0330
ss	91	0	0337
ae	103	0	0346
