name B
internanname 3
spacewidth 35
charset
!	50	0	041
"	76	0	042
#	79	0	043
$	74	0	044
%	140	0	045
&	129	0	046
'	50	0	047
(	49	0	050
)	52	0	051
*	79	0	052
+	87	0	053
,	42	0	054
-	95	0	055
-	"
.	39	0	056
/	44	0	057
sl	"
0	74	0	060
1	74	0	061
2	74	0	062
3	74	0	063
4	74	0	064
5	74	0	065
6	74	0	066
7	74	0	067
8	74	0	070
9	74	0	071
:	49	0	072
;	49	0	073
<	87	0	074
=	87	0	075
eq	"
>	88	0	076
?	78	0	077
@	149	0	0100
A	109	0	0101
B	102	0	0102
C	108	0	0103
D	113	0	0104
E	102	0	0105
F	96	0	0106
G	114	0	0107
H	123	0	0110
I	62	0	0111
J	75	0	0112
K	118	0	0113
L	101	0	0114
M	143	0	0115
N	112	0	0116
O	115	0	0117
P	93	0	0120
Q	115	0	0121
R	110	0	0122
S	87	0	0123
T	102	0	0124
U	108	0	0125
V	112	0	0126
W	151	0	0127
X	109	0	0130
Y	111	0	0131
Z	102	0	0132
[	52	0	0133
\	42	0	0134
]	52	0	0135
a^	88	0	0136
_	74	0	0137
ru	"
ul	"
`	50	0	0140
a	75	0	0141
b	78	0	0142
c	69	0	0143
d	83	0	0144
e	70	0	0145
f	48	0	0146
g	74	0	0147
h	82	0	0150
i	42	0	0151
j	47	0	0152
k	83	0	0153
l	44	0	0154
m	124	0	0155
n	86	0	0156
o	80	0	0157
p	81	0	0160
q	78	0	0161
r	63	0	0162
s	60	0	0163
t	53	0	0164
u	80	0	0165
v	75	0	0166
w	102	0	0167
x	74	0	0170
y	74	0	0171
z	69	0	0172
{	63	0	0173
|	36	0	0174
or	"
}	63	0	0175
a~	84	0	0176
ap	"
I!	50	0	0241
ct	79	0	0242
po	81	0	0243
cu	81	0	0244
$J	84	0	0245
sc	73	0	0247
co	124	0	0251
d<	87	0	0253
no	95	0	0254
hy	47	0	0255
rg	124	0	0256
ma	52	0	0257
de	59	0	0260
+-	87	0	0261
aa	52	0	0264
*m	81	0	0265
pp	86	0	0266
cd	48	0	0270
d>	87	0	0273
14	108	0	0274
12	108	0	0275
34	108	0	0276
I?	78	0	0277
AE	148	0	0306
mu	87	0	0327
O/	117	0	0330
ss	87	0	0337
ae	110	0	0346
