name F
internanname 4
spacewidth 34
charset
!	69	0	041
"	82	0	042
#	90	0	043
$	73	0	044
%	139	0	045
&	116	0	046
'	51	0	047
(	63	0	050
)	64	0	051
*	81	0	052
+	91	0	053
,	45	0	054
-	96	0	055
-	"
.	42	0	056
/	57	0	057
sl	"
0	74	0	060
1	74	0	061
2	74	0	062
3	74	0	063
4	74	0	064
5	74	0	065
6	74	0	066
7	74	0	067
8	74	0	070
9	74	0	071
:	51	0	072
;	55	0	073
<	89	0	074
=	95	0	075
eq	"
>	89	0	076
?	76	0	077
@	147	0	0100
A	97	0	0101
B	101	0	0102
C	100	0	0103
D	110	0	0104
E	102	0	0105
F	100	0	0106
G	109	0	0107
H	118	0	0110
I	57	0	0111
J	75	0	0112
K	105	0	0113
L	92	0	0114
M	139	0	0115
N	112	0	0116
O	109	0	0117
P	92	0	0120
Q	109	0	0121
R	103	0	0122
S	87	0	0123
T	94	0	0124
U	113	0	0125
V	104	0	0126
W	135	0	0127
X	102	0	0130
Y	88	0	0131
Z	89	0	0132
[	62	0	0133
\	61	0	0134
]	62	0	0135
a^	92	0	0136
_	75	0	0137
ru	"
ul	"
`	52	0	0140
a	79	0	0141
b	74	0	0142
c	66	0	0143
d	75	0	0144
e	70	0	0145
f	51	0	0146
g	65	0	0147
h	81	0	0150
i	42	0	0151
j	41	0	0152
k	75	0	0153
l	42	0	0154
m	113	0	0155
n	80	0	0156
o	75	0	0157
p	75	0	0160
q	74	0	0161
r	58	0	0162
s	59	0	0163
t	48	0	0164
u	79	0	0165
v	63	0	0166
w	99	0	0167
x	68	0	0170
y	67	0	0171
z	59	0	0172
{	61	0	0173
|	41	0	0174
or	"
}	64	0	0175
a~	92	0	0176
ap	"
I!	63	0	0241
ct	75	0	0242
po	75	0	0243
cu	85	0	0244
$J	76	0	0245
sc	77	0	0247
co	124	0	0251
d<	90	0	0253
no	96	0	0254
hy	52	0	0255
rg	124	0	0256
ma	54	0	0257
de	59	0	0260
+-	91	0	0261
aa	53	0	0264
*m	79	0	0265
pp	88	0	0266
cd	48	0	0270
d>	92	0	0273
14	109	0	0274
12	109	0	0275
34	109	0	0276
I?	76	0	0277
AE	138	0	0306
mu	91	0	0327
O/	109	0	0330
ss	82	0	0337
ae	113	0	0346
