name HB
internanname 11
spacewidth 41
charset
!	48	0	041
"	67	0	042
#	90	0	043
$	86	0	044
%	131	0	045
&	114	0	046
'	44	0	047
(	55	0	050
)	55	0	051
*	63	0	052
+	91	0	053
,	41	0	054
-	95	0	055
-	"
.	40	0	056
/	47	0	057
sl	"
0	84	0	060
1	84	0	061
2	84	0	062
3	84	0	063
4	84	0	064
5	84	0	065
6	84	0	066
7	84	0	067
8	84	0	070
9	84	0	071
:	45	0	072
;	45	0	073
<	85	0	074
=	88	0	075
eq	"
>	84	0	076
?	91	0	077
@	152	0	0100
A	110	0	0101
B	109	0	0102
C	113	0	0103
D	112	0	0104
E	97	0	0105
F	92	0	0106
G	117	0	0107
H	109	0	0110
I	41	0	0111
J	85	0	0112
K	109	0	0113
L	89	0	0114
M	136	0	0115
N	115	0	0116
O	120	0	0117
P	104	0	0120
Q	121	0	0121
R	109	0	0122
S	104	0	0123
T	94	0	0124
U	112	0	0125
V	108	0	0126
W	146	0	0127
X	105	0	0130
Y	110	0	0131
Z	97	0	0132
[	52	0	0133
\	47	0	0134
]	52	0	0135
a^	83	0	0136
_	85	0	0137
ru	"
ul	"
`	44	0	0140
a	86	0	0141
b	92	0	0142
c	81	0	0143
d	92	0	0144
e	87	0	0145
f	53	0	0146
g	92	0	0147
h	91	0	0150
i	41	0	0151
j	42	0	0152
k	86	0	0153
l	42	0	0154
m	131	0	0155
n	91	0	0156
o	91	0	0157
p	92	0	0160
q	92	0	0161
r	59	0	0162
s	85	0	0163
t	54	0	0164
u	91	0	0165
v	85	0	0166
w	116	0	0167
x	87	0	0170
y	88	0	0171
z	78	0	0172
{	64	0	0173
|	41	0	0174
or	"
}	64	0	0175
a~	90	0	0176
ap	"
I!	49	0	0241
ct	85	0	0242
po	87	0	0243
cu	87	0	0244
$J	91	0	0245
sc	85	0	0247
co	127	0	0251
d<	92	0	0253
no	95	0	0254
hy	56	0	0255
rg	127	0	0256
ma	51	0	0257
de	59	0	0260
+-	91	0	0261
aa	47	0	0264
*m	91	0	0265
pp	84	0	0266
cd	50	0	0270
d>	92	0	0273
14	126	0	0274
12	126	0	0275
34	125	0	0276
I?	91	0	0277
AE	151	0	0306
mu	91	0	0327
O/	120	0	0330
ss	88	0	0337
ae	134	0	0346
