name HF
internanname 12
spacewidth 41
charset
!	53	0	041
"	74	0	042
#	96	0	043
$	86	0	044
%	135	0	045
&	114	0	046
'	46	0	047
(	58	0	050
)	61	0	051
*	70	0	052
+	92	0	053
,	41	0	054
-	95	0	055
-	"
.	41	0	056
/	52	0	057
sl	"
0	85	0	060
1	84	0	061
2	85	0	062
3	84	0	063
4	84	0	064
5	84	0	065
6	84	0	066
7	84	0	067
8	84	0	070
9	84	0	071
:	47	0	072
;	47	0	073
<	89	0	074
=	90	0	075
eq	"
>	94	0	076
?	92	0	077
@	148	0	0100
A	108	0	0101
B	108	0	0102
C	110	0	0103
D	115	0	0104
E	96	0	0105
F	86	0	0106
G	116	0	0107
H	110	0	0110
I	42	0	0111
J	85	0	0112
K	112	0	0113
L	88	0	0114
M	139	0	0115
N	115	0	0116
O	119	0	0117
P	103	0	0120
Q	121	0	0121
R	109	0	0122
S	103	0	0123
T	89	0	0124
U	110	0	0125
V	109	0	0126
W	144	0	0127
X	103	0	0130
Y	103	0	0131
Z	96	0	0132
[	52	0	0133
\	55	0	0134
]	52	0	0135
a^	87	0	0136
_	85	0	0137
ru	"
ul	"
`	49	0	0140
a	84	0	0141
b	91	0	0142
c	81	0	0143
d	91	0	0144
e	85	0	0145
f	51	0	0146
g	91	0	0147
h	91	0	0150
i	41	0	0151
j	42	0	0152
k	85	0	0153
l	42	0	0154
m	129	0	0155
n	91	0	0156
o	87	0	0157
p	91	0	0160
q	91	0	0161
r	59	0	0162
s	84	0	0163
t	56	0	0164
u	91	0	0165
v	84	0	0166
w	117	0	0167
x	79	0	0170
y	82	0	0171
z	73	0	0172
{	64	0	0173
|	44	0	0174
or	"
}	66	0	0175
a~	90	0	0176
ap	"
I!	53	0	0241
ct	92	0	0242
po	92	0	0243
cu	88	0	0244
$J	91	0	0245
sc	91	0	0247
co	127	0	0251
d<	104	0	0253
no	95	0	0254
hy	59	0	0255
rg	127	0	0256
ma	55	0	0257
de	59	0	0260
+-	92	0	0261
aa	47	0	0264
*m	91	0	0265
pp	88	0	0266
cd	51	0	0270
d>	104	0	0273
14	125	0	0274
12	125	0	0275
34	127	0	0276
I?	89	0	0277
AE	149	0	0306
mu	92	0	0327
O/	120	0	0330
ss	92	0	0337
ae	132	0	0346
