name HO
internanname 10
spacewidth 41
charset
!	45	0	041
"	55	0	042
#	93	0	043
$	84	0	044
%	132	0	045
&	106	0	046
'	36	0	047
(	52	0	050
)	52	0	051
*	64	0	052
+	88	0	053
,	38	0	054
-	95	0	055
-	"
.	38	0	056
/	42	0	057
sl	"
0	84	0	060
1	84	0	061
2	84	0	062
3	84	0	063
4	84	0	064
5	84	0	065
6	84	0	066
7	84	0	067
8	84	0	070
9	84	0	071
:	40	0	072
;	40	0	073
<	92	0	074
=	94	0	075
eq	"
>	91	0	076
?	84	0	077
@	149	0	0100
A	105	0	0101
B	104	0	0102
C	110	0	0103
D	110	0	0104
E	100	0	0105
F	91	0	0106
G	115	0	0107
H	114	0	0110
I	46	0	0111
J	80	0	0112
K	105	0	0113
L	82	0	0114
M	133	0	0115
N	114	0	0116
O	116	0	0117
P	100	0	0120
Q	117	0	0121
R	107	0	0122
S	100	0	0123
T	87	0	0124
U	114	0	0125
V	105	0	0126
W	143	0	0127
X	104	0	0130
Y	100	0	0131
Z	97	0	0132
[	48	0	0133
\	46	0	0134
]	48	0	0135
a^	79	0	0136
_	86	0	0137
ru	"
ul	"
`	36	0	0140
a	81	0	0141
b	83	0	0142
c	74	0	0143
d	83	0	0144
e	78	0	0145
f	46	0	0146
g	82	0	0147
h	86	0	0150
i	34	0	0151
j	33	0	0152
k	74	0	0153
l	33	0	0154
m	119	0	0155
n	87	0	0156
o	85	0	0157
p	83	0	0160
q	82	0	0161
r	54	0	0162
s	74	0	0163
t	47	0	0164
u	82	0	0165
v	79	0	0166
w	110	0	0167
x	79	0	0170
y	76	0	0171
z	74	0	0172
{	54	0	0173
|	38	0	0174
or	"
}	56	0	0175
a~	90	0	0176
ap	"
I!	50	0	0241
ct	89	0	0242
po	88	0	0243
cu	86	0	0244
$J	87	0	0245
sc	84	0	0247
co	127	0	0251
d<	91	0	0253
no	95	0	0254
hy	61	0	0255
rg	127	0	0256
ma	45	0	0257
de	59	0	0260
+-	88	0	0261
aa	41	0	0264
*m	82	0	0265
pp	84	0	0266
cd	41	0	0270
d>	91	0	0273
14	126	0	0274
12	126	0	0275
34	126	0	0276
I?	85	0	0277
AE	147	0	0306
mu	88	0	0327
O/	117	0	0330
ss	88	0	0337
ae	126	0	0346
