name I
internanname 2
spacewidth 34
charset
!	48	0	041
"	63	0	042
#	75	0	043
$	74	0	044
%	126	0	045
&	116	0	046
'	47	0	047
(	48	0	050
)	52	0	051
*	75	0	052
+	105	0	053
,	38	0	054
-	98	0	055
-	"
.	36	0	056
/	46	0	057
sl	"
0	74	0	060
1	74	0	061
2	74	0	062
3	74	0	063
4	74	0	064
5	74	0	065
6	74	0	066
7	74	0	067
8	74	0	070
9	74	0	071
:	46	0	072
;	46	0	073
<	97	0	074
=	105	0	075
eq	"
>	97	0	076
?	74	0	077
@	142	0	0100
A	96	0	0101
B	92	0	0102
C	99	0	0103
D	109	0	0104
E	92	0	0105
F	92	0	0106
G	111	0	0107
H	108	0	0110
I	49	0	0111
J	62	0	0112
K	103	0	0113
L	85	0	0114
M	133	0	0115
N	104	0	0116
O	108	0	0117
P	92	0	0120
Q	108	0	0121
R	93	0	0122
S	74	0	0123
T	85	0	0124
U	109	0	0125
V	91	0	0126
W	126	0	0127
X	92	0	0130
Y	87	0	0131
Z	86	0	0132
[	59	0	0133
\	49	0	0134
]	59	0	0135
a^	67	0	0136
_	74	0	0137
ru	"
ul	"
`	47	0	0140
a	76	0	0141
b	74	0	0142
c	67	0	0143
d	76	0	0144
e	69	0	0145
f	44	0	0146
g	66	0	0147
h	76	0	0150
i	42	0	0151
j	41	0	0152
k	70	0	0153
l	41	0	0154
m	113	0	0155
n	76	0	0156
o	74	0	0157
p	74	0	0160
q	74	0	0161
r	55	0	0162
s	60	0	0163
t	44	0	0164
u	74	0	0165
v	69	0	0166
w	103	0	0167
x	66	0	0170
y	70	0	0171
z	59	0	0172
{	61	0	0173
|	41	0	0174
or	"
}	61	0	0175
a~	85	0	0176
ap	"
I!	59	0	0241
ct	75	0	0242
po	76	0	0243
cu	76	0	0244
$J	81	0	0245
sc	75	0	0247
co	125	0	0251
d<	76	0	0253
no	98	0	0254
hy	51	0	0255
rg	125	0	0256
ma	48	0	0257
de	59	0	0260
+-	105	0	0261
aa	46	0	0264
*m	74	0	0265
pp	84	0	0266
cd	48	0	0270
d>	76	0	0273
14	109	0	0274
12	109	0	0275
34	109	0	0276
I?	74	0	0277
AE	131	0	0306
mu	104	0	0327
O/	107	0	0330
ss	78	0	0337
ae	104	0	0346
