name NF
internanname 16
spacewidth 38
charset
!	59	0	041
"	70	0	042
#	95	0	043
$	86	0	044
%	140	0	045
&	141	0	046
'	40	0	047
(	58	0	050
)	63	0	051
*	78	0	052
+	89	0	053
,	42	0	054
-	94	0	055
-	"
.	41	0	056
/	57	0	057
sl	"
0	86	0	060
1	86	0	061
2	86	0	062
3	86	0	063
4	86	0	064
5	86	0	065
6	86	0	066
7	86	0	067
8	86	0	070
9	86	0	071
:	49	0	072
;	51	0	073
<	95	0	074
=	90	0	075
eq	"
>	95	0	076
?	76	0	077
@	135	0	0100
A	115	0	0101
B	115	0	0102
C	112	0	0103
D	129	0	0104
E	113	0	0105
F	108	0	0106
G	119	0	0107
H	138	0	0110
I	74	0	0111
J	99	0	0112
K	130	0	0113
L	109	0	0114
M	158	0	0115
N	128	0	0116
O	123	0	0117
P	115	0	0120
Q	123	0	0121
R	126	0	0122
S	103	0	0123
T	109	0	0124
U	122	0	0125
V	115	0	0126
W	157	0	0127
X	119	0	0130
Y	106	0	0131
Z	111	0	0132
[	66	0	0133
\	82	0	0134
]	67	0	0135
a^	89	0	0136
_	92	0	0137
ru	"
ul	"
`	40	0	0140
a	101	0	0141
b	92	0	0142
c	84	0	0143
d	103	0	0144
e	85	0	0145
f	61	0	0146
g	91	0	0147
h	102	0	0150
i	53	0	0151
j	50	0	0152
k	98	0	0153
l	53	0	0154
m	148	0	0155
n	102	0	0156
o	89	0	0157
p	97	0	0160
q	98	0	0161
r	76	0	0162
s	75	0	0163
t	59	0	0164
u	101	0	0165
v	84	0	0166
w	134	0	0167
x	94	0	0170
y	89	0	0171
z	84	0	0172
{	64	0	0173
|	91	0	0174
or	"
}	64	0	0175
a~	98	0	0176
ap	"
I!	57	0	0241
ct	88	0	0242
po	100	0	0243
cu	95	0	0244
$J	105	0	0245
sc	89	0	0247
co	123	0	0251
d<	93	0	0253
no	90	0	0254
hy	51	0	0255
rg	124	0	0256
ma	61	0	0257
de	59	0	0260
+-	89	0	0261
aa	51	0	0264
*m	102	0	0265
pp	102	0	0266
cd	49	0	0270
d>	93	0	0273
14	128	0	0274
12	128	0	0275
34	128	0	0276
I?	76	0	0277
AE	150	0	0306
mu	89	0	0327
O/	123	0	0330
ss	102	0	0337
ae	134	0	0346
