name R
internanname 1
spacewidth 38
charset
!	44	0	041
"	62	0	042
#	76	0	043
$	74	0	044
%	121	0	045
&	117	0	046
'	44	0	047
(	53	0	050
)	53	0	051
*	74	0	052
+	84	0	053
,	38	0	054
-	94	0	055
-	"
.	37	0	056
/	42	0	057
sl	"
0	74	0	060
1	74	0	061
2	74	0	062
3	74	0	063
4	74	0	064
5	74	0	065
6	74	0	066
7	74	0	067
8	74	0	070
9	74	0	071
:	39	0	072
;	40	0	073
<	83	0	074
=	85	0	075
eq	"
>	83	0	076
?	63	0	077
@	137	0	0100
A	113	0	0101
B	97	0	0102
C	103	0	0103
D	108	0	0104
E	93	0	0105
F	87	0	0106
G	111	0	0107
H	112	0	0110
I	51	0	0111
J	59	0	0112
K	107	0	0113
L	91	0	0114
M	139	0	0115
N	113	0	0116
O	109	0	0117
P	87	0	0120
Q	109	0	0121
R	101	0	0122
S	83	0	0123
T	93	0	0124
U	110	0	0125
V	108	0	0126
W	145	0	0127
X	110	0	0130
Y	108	0	0131
Z	92	0	0132
[	48	0	0133
\	42	0	0134
]	48	0	0135
a^	73	0	0136
_	75	0	0137
ru	"
ul	"
`	43	0	0140
a	68	0	0141
b	74	0	0142
c	67	0	0143
d	74	0	0144
e	67	0	0145
f	48	0	0146
g	73	0	0147
h	76	0	0150
i	39	0	0151
j	40	0	0152
k	74	0	0153
l	42	0	0154
m	119	0	0155
n	76	0	0156
o	74	0	0157
p	74	0	0160
q	74	0	0161
r	53	0	0162
s	60	0	0163
t	47	0	0164
u	76	0	0165
v	73	0	0166
w	111	0	0167
x	79	0	0170
y	72	0	0171
z	67	0	0172
{	68	0	0173
|	30	0	0174
or	"
}	68	0	0175
a~	89	0	0176
ap	"
I!	45	0	0241
ct	74	0	0242
po	79	0	0243
cu	79	0	0244
$J	79	0	0245
sc	75	0	0247
co	125	0	0251
d<	77	0	0253
no	94	0	0254
hy	53	0	0255
rg	125	0	0256
ma	49	0	0257
de	59	0	0260
+-	84	0	0261
aa	46	0	0264
*m	75	0	0265
pp	75	0	0266
cd	51	0	0270
d>	76	0	0273
14	112	0	0274
12	112	0	0275
34	112	0	0276
I?	63	0	0277
AE	134	0	0306
mu	84	0	0327
O/	112	0	0330
ss	74	0	0337
ae	102	0	0346
